$ 17 5.0E-6 3.1763992386181834 53 5.0 50
162 608 160 608 288 1 2.1024259 1.0 0.0 0.0
v 528 288 400 288 0 0 0.0 4.255732178077599 0.0 0.0 0.5 true 0.0 10.0 5*sin(100*t)
v 400 288 224 288 0 0 0.0 5.668906368007377 0.0 0.0 0.5 true 0.0 10.0 5*sin(100*t)
s 224 128 288 128 0 0 false
g 400 288 400 304 0
w 400 144 400 288 0
r 608 80 608 160 0 330.0 false 0.0 1500.0
t 288 128 400 128 0 1 0.6334171691334007 0.6006087181591344 100.0
O 112 288 96 336 1
r 224 288 224 128 0 1000.0 false 20.0 1000.0
w 400 112 400 80 0
w 400 80 608 80 0
w 528 288 608 288 0
o 5 64 0 35 7.62939453125E-5 0.0125 0 -1
o 0 64 0 35 10.0 0.0125 1 -1
